0 1.0 0.0 0.0
3 1.0 0.0 0.0
5 1.0 0.0 0.0
8 1.0 0.0 0.0
10 1.0 0.0 0.0
12 0.421875 0.578125 0.0
13 1.0 0.0 0.0
14 0.421875 0.578125 0.0
15 1.0 0.0 0.0
16 1.0 0.0 0.0
18 1.0 0.0 0.0
19 0.4227941176470589 0.5772058823529411 0.0
20 1.0 0.0 0.0
21 1.0 0.0 0.0
22 1.0 0.0 0.0
23 1.0 0.0 0.0
24 0.25 0.0 0.75
25 1.0 0.0 0.0
26 1.0 0.0 0.0
27 1.0 0.0 0.0
28 0.25 0.0 0.75
29 1.0 0.0 0.0
30 1.0 0.0 0.0
31 1.0 0.0 0.0
32 1.0 0.0 0.0
33 1.0 0.0 0.0
34 1.0 0.0 0.0
35 1.0 0.0 0.0
36 1.0 0.0 0.0
37 1.0 0.0 0.0
