2
3
4
5
6
7
8
9
10
11
12
13
14
15
16
17
18
19
20
21
22
23
24
25
26
27
28
29
30
31
32
33
34
35
36
37
38
39
40
41
45
46
50
51
53
54
55
58
59
60
63
64
65
67
68
69
71
72
73
75
76
77
81
82
86
88
89
90
92
93
94
95
98
99
100
103
104
105
106
108
109
110
111
114
116
120
121
122
123
149
151
156
167
177
185
188
197
210
218
222
225
226
229
231
232
233
236
239
241
243
247
250
251
252
253
257
258
259
261
264
265
267
269
270
271
272
273
274
276
277
279
281
282
284
285
286
287
290
291
292
294
295
296
298
299
300
303
307
308
310
311
312
315
320
321
326
327
332
333
338
339
342
343
345
347
348
350
351
352
361
364
366
370
372
376
377
382
387
388
389
390
394
395
396
397
401
402
403
404
405
406
407
408
409
