2
3
4
5
6
7
8
9
10
11
12
22
23
41
44
45
46
51
52
53
54
55
57
60
61
63
64
65
67
68
69
70
71
72
73
74
75
82
88
89
90
91
92
93
94
95
98
99
100
101
102
103
104
106
107
108
109
110
111
112
113
114
115
116
117
118
119
120
121
122
123
149
151
156
167
177
185
188
196
197
210
218
220
222
225
226
229
231
232
233
236
239
241
243
244
247
250
251
252
253
257
258
259
261
264
265
267
268
269
270
271
272
273
274
276
277
279
281
282
284
285
286
287
290
291
292
294
295
296
298
299
300
303
307
308
310
311
312
315
316
317
318
319
320
321
322
324
325
326
327
329
330
331
332
333
334
335
336
338
339
340
341
342
343
344
345
346
348
349
350
351
352
353
354
355
356
357
358
359
360
361
362
363
364
365
366
367
368
369
370
371
372
373
374
375
376
377
378
379
380
381
382
383
384
386
387
388
389
390
394
396
397
398
399
401
404
406
407
408
409
