200
202
203
204
205
206
207
208
209
210
211
212
213
214
215
216
217
218
219
220
221
222
223
225
226
228
229
230
231
232
233
234
237
240
242
244
245
246
249
250
252
253
254
255
256
257
258
259
260
261
267
273
274
280
281
282
283
284
285
286
287
289
290
291
292
293
295
296
297
298
299
300
305
307
308
309
310
311
313
314
315
316
317
320
321
322
323
324
325
326
327
332
338
339
344
345
346
348
349
351
352
353
355
356
358
360
362
364
365
370
372
373
376
377
378
379
380
381
382
383
386
387
388
389
390
391
392
393
394
395
396
397
